정수 n이 매개변수로 주어집니다. 
다음 그림과 같이 밑변의 길이와 높이가 n인 삼각형에서 맨 위 꼭짓점부터 
반시계 방향으로 달팽이 채우기를 진행한 후, 첫 행부터 마지막 행까지 모두
순서대로 합친 새로운 배열을 return 하도록 solution 함수를 완성해주세요.

예시
1

1
2 3

1
2 6
3 4 5

1
2 9
3 10 8
4 5 6 7

1
2 12 
3 13 11
4 14 15 10
5 6 7 8 9

1
2 15
3 16 14
4 17 21 13
5 18 19 20 12
6 7 8 9 10 11

1
2  27
3  28 26
4  29 45 25
5  30 46 44 24
6  31 47 54 43 23
7  32 48 55 53 42 22
8  33 49 50 51 52 41 21
9  34 35 36 37 38 39 40 20
10 11 12 13 14 15 16 17 18 19



제한사항
n은 1 이상 1,000 이하입니다.

n	result
4	[1,2,9,3,10,8,4,5,6,7]
5	[1,2,12,3,13,11,4,14,15,10,5,6,7,8,9]
6	[1,2,15,3,16,14,4,17,21,13,5,18,19,20,12,6,7,8,9,10,11]